%YAML:1.0
---
K: !!opencv-matrix
   rows: 3
   cols: 3
   dt: d
   data: [ 659.9565405462982, -2.8848508379788056, 634.6329612029243, 0.0, 625.1032520893773, 544.7433055928482, 0., 0., 1. ]
D: !!opencv-matrix
   rows: 1
   cols: 4
   dt: d
   data: [ -0.2900269437421997, 0.11089496468175668, -0.0003222479159157141, 0.0029110573007121382]
xi: !!opencv-matrix
   rows: 1
   cols: 1
   dt: d
   data: [ 1.0866311153248236 ]
board_width: 9
board_height: 6
square_size: 2.4229999631643295e-02
